[0.55713177]
[0.5182785]
[0.45310986]
[0.39337125]
[0.3485025]
[0.43359005]
[0.37353596]
[0.36584082]
[0.37013698]
[0.3853492]
[0.4393155]
[0.50655574]
[0.5097859]
[0.51260996]
[0.55013347]
[0.59355706]
[0.6145272]
[0.64302427]
[0.67088854]
[0.6899106]
[0.7017919]
[0.70940685]
[0.69525737]
[0.6534559]
[0.6572796]
[0.6023569]
[0.5352639]
[0.46889323]
[0.42010215]
[0.349028]
[0.36216655]
[0.35386172]
[0.3517073]
[0.3680604]
[0.42156842]
[0.48626283]
[0.48844534]
[0.48664257]
[0.50359344]
[0.53391385]
[0.5426579]
[0.56076366]
[0.588094]
[0.6026707]
[0.6077529]
[0.6246794]
[0.6097769]
[0.59403485]
[0.6018281]
[0.5835132]
[0.5099737]
[0.44979107]
[0.40957227]
[0.3220425]
[0.34146422]
[0.33624977]
[0.33631834]
[0.35144043]
[0.39710346]
[0.46100882]
[0.4616108]
[0.47083735]
[0.5139954]
[0.548799]
[0.5788916]
[0.61425185]
[0.6457988]
[0.6525632]
[0.65865815]
[0.65863407]
[0.6374059]
[0.60887456]
[0.6219801]
[0.56788546]
[0.5020432]
[0.44135168]
[0.39807805]
[0.31913757]
[0.33072135]
[0.32172632]
[0.31634986]
[0.3164553]
[0.32125923]
[0.33683285]
[0.3486127]
[0.40669492]
[0.44838256]
[0.4922918]
[0.53379816]
[0.5806725]
[0.6132856]
[0.63452226]
[0.6467741]
[0.6464693]
[0.6384162]
[0.5934509]
[0.58644277]
[0.5420332]
[0.47548646]
[0.42191902]
