[0.5674658]
[0.54085195]
[0.4948631]
[0.43845162]
[0.38486865]
[0.40207937]
[0.3921204]
[0.37821877]
[0.3732053]
[0.3800434]
[0.41326943]
[0.46768492]
[0.49964732]
[0.5120323]
[0.5325768]
[0.5655534]
[0.5944589]
[0.62170994]
[0.64847505]
[0.6708344]
[0.6869658]
[0.69776213]
[0.69570273]
[0.6730446]
[0.66052955]
[0.6301977]
[0.5798783]
[0.51913613]
[0.46184742]
[0.3974379]
[0.3698364]
[0.3579584]
[0.35388494]
[0.36215582]
[0.39622775]
[0.44976854]
[0.48019543]
[0.4894647]
[0.4982839]
[0.5173588]
[0.53328824]
[0.54930556]
[0.57060754]
[0.5893068]
[0.60064435]
[0.61320764]
[0.61283636]
[0.60291404]
[0.60017264]
[0.5914966]
[0.5511839]
[0.4960576]
[0.44527987]
[0.3761621]
[0.34814596]
[0.33824015]
[0.33674917]
[0.34585294]
[0.3761038]
[0.42711452]
[0.45536333]
[0.46903497]
[0.49414152]
[0.52566767]
[0.5570647]
[0.58968353]
[0.6213236]
[0.64013636]
[0.650277]
[0.6541897]
[0.6452502]
[0.6253053]
[0.61976653]
[0.5940111]
[0.54587746]
[0.48823163]
[0.4351955]
[0.3690241]
[0.33952215]
[0.326236]
[0.31995505]
[0.31861117]
[0.32156652]
[0.33210245]
[0.34460515]
[0.38146177]
[0.4244784]
[0.4678285]
[0.5090615]
[0.5514029]
[0.5882941]
[0.6157123]
[0.6336489]
[0.6410299]
[0.63937503]
[0.6160386]
[0.5973143]
[0.5679075]
[0.5191331]
[0.46460304]
