[0.55172076]
[0.50294146]
[0.44636729]
[0.3933719]
[0.41513874]
[0.39327385]
[0.3783214]
[0.37381116]
[0.38008628]
[0.41342288]
[0.4664673]
[0.49455829]
[0.50897147]
[0.53519953]
[0.57162467]
[0.60118639]
[0.63074811]
[0.66016276]
[0.68447887]
[0.70222571]
[0.71443279]
[0.71188352]
[0.68712619]
[0.67717423]
[0.64329836]
[0.59064614]
[0.52965977]
[0.47313462]
[0.40690264]
[0.38145897]
[0.36503579]
[0.35655456]
[0.36238847]
[0.39552897]
[0.44705363]
[0.47347779]
[0.48470438]
[0.49843122]
[0.5210805]
[0.53730758]
[0.55471125]
[0.57794882]
[0.59731346]
[0.60927542]
[0.62388469]
[0.62290421]
[0.61329542]
[0.61256005]
[0.60270615]
[0.55868222]
[0.50416708]
[0.45509364]
[0.38337092]
[0.35905481]
[0.34459261]
[0.33831748]
[0.34464163]
[0.37381116]
[0.42312972]
[0.44715168]
[0.46323169]
[0.4937739]
[0.52755172]
[0.5604471]
[0.59559761]
[0.62981665]
[0.64976959]
[0.66192764]
[0.66732033]
[0.65795666]
[0.63761153]
[0.63467007]
[0.60496127]
[0.5548093]
[0.4975978]
[0.44548485]
[0.37680165]
[0.34988724]
[0.33204236]
[0.32106089]
[0.31655064]
[0.31748211]
[0.32709089]
[0.33821943]
[0.3767036]
[0.41758996]
[0.46107462]
[0.50451025]
[0.55074027]
[0.59098931]
[0.62162957]
[0.64251397]
[0.65177959]
[0.65128934]
[0.62643396]
[0.60991274]
[0.57873321]
[0.52789489]
[0.47382096]
[0.42210021]
