[0.5651738]
[0.52582496]
[0.46338978]
[0.40596804]
[0.36029443]
[0.44483414]
[0.38805863]
[0.37966618]
[0.38148144]
[0.39570406]
[0.45037928]
[0.51656836]
[0.5186052]
[0.52089036]
[0.5581077]
[0.6026891]
[0.62512827]
[0.65481263]
[0.6835111]
[0.70266014]
[0.714524]
[0.72186905]
[0.7063561]
[0.663152]
[0.6678535]
[0.61131144]
[0.5434697]
[0.47818312]
[0.43085694]
[0.3619745]
[0.37357146]
[0.365913]
[0.3653298]
[0.38155627]
[0.43519965]
[0.49897763]
[0.49740893]
[0.49436203]
[0.5104325]
[0.5410387]
[0.55097383]
[0.5697258]
[0.5978368]
[0.61295694]
[0.61828774]
[0.6354733]
[0.6200449]
[0.60368425]
[0.61141306]
[0.59246135]
[0.51864564]
[0.45965526]
[0.42020467]
[0.33429238]
[0.35209802]
[0.34649834]
[0.34865445]
[0.36390337]
[0.40985945]
[0.47327375]
[0.46999505]
[0.4777325]
[0.52051646]
[0.5561951]
[0.58802736]
[0.6248764]
[0.65758425]
[0.6645085]
[0.67069453]
[0.6704742]
[0.64827305]
[0.6191565]
[0.63220197]
[0.57690686]
[0.5103034]
[0.4518165]
[0.40902314]
[0.3318024]
[0.34166756]
[0.33202288]
[0.3280349]
[0.3274987]
[0.33116603]
[0.34623048]
[0.3566775]
[0.41616777]
[0.4556088]
[0.49913695]
[0.541107]
[0.5891294]
[0.6236219]
[0.64589643]
[0.65869147]
[0.6583137]
[0.6500691]
[0.60422313]
[0.59678304]
[0.55151266]
[0.4838244]
[0.43224636]
