[0.5635977]
[0.52454615]
[0.46043208]
[0.40230682]
[0.3556074]
[0.44036755]
[0.3819327]
[0.3739605]
[0.379155]
[0.39081192]
[0.4458159]
[0.5133137]
[0.51540595]
[0.51743364]
[0.5548251]
[0.59823364]
[0.620048]
[0.6505951]
[0.6794972]
[0.6980893]
[0.71003306]
[0.71752745]
[0.7009105]
[0.65646833]
[0.66490924]
[0.605734]
[0.5400178]
[0.4769825]
[0.42766574]
[0.357143]
[0.369383]
[0.36205876]
[0.36027676]
[0.37793976]
[0.4309546]
[0.49467805]
[0.49465588]
[0.49135765]
[0.5074257]
[0.5366857]
[0.5463419]
[0.5657882]
[0.5945123]
[0.60906607]
[0.6143009]
[0.6323131]
[0.61552817]
[0.59979063]
[0.60920197]
[0.58954215]
[0.51530224]
[0.45745733]
[0.41651633]
[0.32841876]
[0.3476326]
[0.34302482]
[0.34345976]
[0.36058047]
[0.40583357]
[0.46884078]
[0.46674344]
[0.4747652]
[0.5176589]
[0.55158275]
[0.58314884]
[0.620592]
[0.6530276]
[0.6587019]
[0.66522527]
[0.66503984]
[0.6420116]
[0.61379904]
[0.6296886]
[0.572606]
[0.508167]
[0.44987193]
[0.4050128]
[0.32617632]
[0.33741856]
[0.328778]
[0.32353547]
[0.3247342]
[0.32804927]
[0.34249234]
[0.35264298]
[0.41158143]
[0.45192683]
[0.49525768]
[0.53725636]
[0.5842799]
[0.6177334]
[0.6393139]
[0.65202296]
[0.6513064]
[0.64328474]
[0.59665364]
[0.59249794]
[0.54754466]
[0.4816541]
[0.43007988]
