[0.56331104]
[0.5240439]
[0.45968875]
[0.4018819]
[0.3550741]
[0.44155362]
[0.3820529]
[0.37385538]
[0.3792266]
[0.3913246]
[0.4460245]
[0.5127451]
[0.5148018]
[0.51740116]
[0.5552253]
[0.59818983]
[0.6191442]
[0.64949256]
[0.6782949]
[0.69654167]
[0.70838416]
[0.7156926]
[0.69901973]
[0.6550309]
[0.6635084]
[0.60431534]
[0.53783]
[0.475392]
[0.42610827]
[0.35542822]
[0.36875722]
[0.36178327]
[0.36009657]
[0.37772676]
[0.43089676]
[0.4943441]
[0.4945722]
[0.4915575]
[0.5078856]
[0.5370044]
[0.5463017]
[0.5655435]
[0.59428793]
[0.60870874]
[0.61395895]
[0.6320017]
[0.61514026]
[0.59926957]
[0.6089657]
[0.58904105]
[0.51478237]
[0.45727557]
[0.41681057]
[0.32795894]
[0.34804174]
[0.34388307]
[0.34429047]
[0.3610435]
[0.40632114]
[0.46896923]
[0.46697918]
[0.47514293]
[0.51815146]
[0.5520736]
[0.58302635]
[0.62020844]
[0.65228015]
[0.6577525]
[0.66424304]
[0.66393214]
[0.64066094]
[0.61258703]
[0.6286475]
[0.57132417]
[0.5068862]
[0.44917008]
[0.40445602]
[0.3250848]
[0.33743978]
[0.3293307]
[0.32426322]
[0.32534182]
[0.329039]
[0.3438274]
[0.35410124]
[0.4129466]
[0.45321432]
[0.4963968]
[0.53855324]
[0.5856608]
[0.61856717]
[0.6396137]
[0.65182763]
[0.65064114]
[0.6422302]
[0.5956504]
[0.5913684]
[0.54664433]
[0.48065582]
[0.42959312]
